Species	Date	Observer	Plant_ID	Height_cm	Flowers	Flower_Size_cm	Bombus	Other_bees	Hoverflies	Diptera_large	Diptera_small	Coleoptera	Neuroptera	Hemiptera	Formicidae	Notes
Aegopodium	01.07.2019	OO	OO_1	118.00	1.00	13.00	0.00	0.00	2.00	0.00	0.00	0.00	0.00	0.00	0.00	NA
Aegopodium	01.07.2019	OO	OO_2	72.00	4.00	8.00	0.00	0.00	0.00	1.00	1.00	0.00	0.00	0.00	0.00	NA
Aegopodium	01.07.2019	OO	OO_3	92.00	3.00	8.50	0.00	0.00	0.00	0.00	1.00	0.00	0.00	0.00	0.00	NA
Aegopodium	02.07.2019	OO	OO_4	80.50	4.00	7.80	0.00	0.00	0.00	0.00	1.00	0.00	0.00	0.00	0.00	NA
Aegopodium	02.07.2019	OO	OO_5	70.00	3.00	7.00	0.00	0.00	0.00	0.00	0.00	0.00	0.00	0.00	0.00	No_visits
Aegopodium	02.07.2019	OO	OO_6	97.00	8.00	8.10	0.00	0.00	0.00	2.00	1.00	0.00	0.00	0.00	0.00	NA
Aegopodium	02.07.2019	OO	OO_7	96.50	4.00	9.00	0.00	0.00	0.00	5.00	2.00	0.00	0.00	0.00	0.00	NA
Aegopodium	02.07.2019	OO	OO_8	85.00	2.00	11.10	0.00	0.00	0.00	0.00	0.00	0.00	0.00	0.00	0.00	No_visits
Aegopodium	02.07.2019	SE	SE_1	90.00	4.00	6.80	0.00	0.00	0.00	0.00	2.00	5.00	0.00	0.00	0.00	Coleoptera_always_small_black
Aegopodium	02.07.2019	SE	SE_2	90.00	6.00	10.10	0.00	0.00	0.00	0.00	1.00	1.00	0.00	0.00	0.00	NA
Aegopodium	02.07.2019	SE	SE_3	74.00	5.00	8.80	0.00	0.00	0.00	2.00	0.00	1.00	0.00	0.00	0.00	NA
Aegopodium	02.07.2019	SE	SE_4	80.00	4.00	8.50	0.00	0.00	0.00	0.00	0.00	3.00	0.00	0.00	0.00	NA
Aegopodium	02.07.2019	SE	SE_5	111.00	5.00	11.20	1.00	0.00	0.00	0.00	0.00	1.00	0.00	0.00	0.00	NA
Aegopodium	02.07.2019	NR	NR_1	75.00	5.00	7.00	0.00	0.00	0.00	0.00	1.00	3.00	0.00	1.00	0.00	NA
Aegopodium	02.07.2019	NR	NR_2	74.00	4.00	7.00	0.00	0.00	0.00	0.00	0.00	1.00	1.00	0.00	0.00	NA
Aegopodium	02.07.2019	NR	NR_3	83.00	4.00	5.30	0.00	0.00	0.00	0.00	0.00	5.00	0.00	0.00	1.00	NA
Aegopodium	02.07.2019	NR	NR_4	59.50	3.00	5.50	0.00	0.00	0.00	0.00	0.00	3.00	0.00	1.00	0.00	NA
Aegopodium	02.07.2019	NR	NR_5	81.00	5.00	7.00	0.00	0.00	0.00	0.00	0.00	2.00	0.00	1.00	0.00	NA
Aegopodium	02.07.2019	KV	KV_1	104.00	4.00	8.50	0.00	0.00	0.00	0.00	0.00	0.00	0.00	0.00	0.00	no_visits
Aegopodium	02.07.2019	KV	KV_2	107.00	6.00	8.50	0.00	0.00	0.00	0.00	4.00	0.00	0.00	0.00	0.00	NA
Aegopodium	02.07.2019	KV	KV_3	94.00	4.00	9.80	0.00	0.00	0.00	0.00	1.00	1.00	0.00	0.00	0.00	Spider
Aegopodium	02.07.2019	KV	KV_4	86.00	4.00	8.00	0.00	0.00	0.00	0.00	5.00	0.00	0.00	1.00	0.00	NA
Aegopodium	02.07.2019	KV	KV_5	106.00	1.00	16.00	0.00	0.00	0.00	0.00	4.00	0.00	0.00	0.00	0.00	NA
Aegopodium	01.07.2019	LK	LK_1	93.00	5.00	10.00	0.00	0.00	0.00	0.00	0.00	0.00	0.00	0.00	0.00	no_visits
Aegopodium	01.07.2019	LK	LK_2	60.00	4.00	5.50	0.00	0.00	0.00	0.00	0.00	0.00	0.00	0.00	0.00	no_visits
Aegopodium	01.07.2019	LK	LK_3	43.00	1.00	5.00	0.00	0.00	0.00	0.00	0.00	0.00	0.00	0.00	0.00	no_visits
Aegopodium	02.07.2019	LK	LK_4	74.00	5.00	10.00	0.00	0.00	0.00	0.00	5.00	0.00	0.00	0.00	0.00	do_not_know_the_size_of_the_insects
Aegopodium	02.07.2019	LK	LK_5	73.50	4.00	5.40	0.00	0.00	0.00	0.00	2.00	0.00	0.00	0.00	0.00	do_not_know_the_size_of_the_insects
Aegopodium	02.07.2019	LK	LK_6	95.00	4.00	7.30	0.00	0.00	0.00	0.00	0.00	0.00	0.00	0.00	0.00	no_visits
Aegopodium	02.07.2019	LK	LK_7	77.00	4.00	9.50	0.00	0.00	0.00	0.00	1.00	0.00	0.00	0.00	0.00	do_not_know_the_size_of_the_insects
Aegopodium	02.07.2019	LK	LK_8	85.50	4.00	7.70	0.00	0.00	0.00	0.00	3.00	0.00	0.00	0.00	0.00	do_not_know_the_size_of_the_insects
Aegopodium	02.07.2019	EH	EH_1	108.00	9.00	12.00	0.00	0.00	0.00	0.00	2.00	0.00	0.00	0.00	0.00	NA
Aegopodium	02.07.2019	EH	EH_2	95.00	5.00	9.30	0.00	0.00	0.00	1.00	0.00	0.00	0.00	0.00	0.00	1_spider_visit
Aegopodium	02.07.2019	EH	EH_3	118.00	4.00	12.80	0.00	0.00	0.00	0.00	0.00	1.00	0.00	0.00	0.00	NA
Aegopodium	02.07.2019	EH	EH_4	88.00	5.00	9.20	0.00	0.00	0.00	0.00	0.00	0.00	0.00	0.00	0.00	no_visits
Aegopodium	02.07.2019	EH	EH_5	108.00	6.00	11.40	0.00	0.00	0.00	1.00	0.00	0.00	0.00	0.00	0.00	NA
Aegopodium	02.07.2019	AJ	AJ_1	83.00	3.00	11.00	0.00	0.00	0.00	0.00	1.00	2.00	0.00	1.00	0.00	NA
Aegopodium	02.07.2019	AJ	AJ_2	102.00	4.00	8.50	0.00	0.00	0.00	0.00	1.00	0.00	0.00	0.00	0.00	NA
Aegopodium	02.07.2019	AJ	AJ_3	75.50	3.00	6.70	0.00	0.00	0.00	0.00	2.00	0.00	0.00	0.00	0.00	NA
Aegopodium	02.07.2019	AJ	AJ_4	113.00	4.00	12.10	0.00	0.00	0.00	1.00	0.00	1.00	0.00	1.00	0.00	NA
Aegopodium	02.07.2019	AJ	AJ_5	106.00	1.00	10.10	0.00	0.00	0.00	0.00	0.00	0.00	0.00	0.00	0.00	No_visits
Aegopodium	01.07.2019	ML	ML_1	75.00	4.00	8.50	0.00	2.00	3.00	4.00	9.00	0.00	0.00	0.00	0.00	Aegopodium_podagraria
Aegopodium	01.07.2019	ML	ML_2	73.00	7.00	6.00	0.00	0.00	1.00	0.00	2.00	0.00	0.00	0.00	0.00	Aegopodium_podagraria
Aegopodium	01.07.2019	ML	ML_3	104.00	4.00	14.00	0.00	0.00	0.00	1.00	3.00	1.00	0.00	0.00	0.00	Aegopodium_podagraria
Aegopodium	01.07.2019	CP	CP_1	110.00	4.00	12.00	0.00	0.00	0.00	0.00	2.00	1.00	0.00	0.00	0.00	little_shady_windy
Aegopodium	01.07.2019	CP	CP_2	93.00	1.00	10.00	0.00	0.00	0.00	0.00	3.00	0.00	0.00	0.00	0.00	diptera_stayed_5_min_on_the_umbel
Aegopodium	01.07.2019	CP	CP_3	86.00	1.00	10.00	0.00	0.00	0.00	0.00	1.00	0.00	0.00	0.00	0.00	diptera_stayed_4_min_on_the_umbel
