Year	Seeds	Corollalength	Corollawidth	Flowers
2001	85.00	31.30	2.80	37.00
2001	180.00	27.60	3.50	55.00
2001	110.00	30.10	3.00	75.00
2001	5.00	NA	NA	8.00
2001	38.00	32.30	3.50	29.00
2001	109.00	27.30	3.50	43.00
2001	180.00	29.60	3.60	149.00
2001	655.00	28.80	3.60	145.00
2001	81.00	31.10	3.70	64.00
2001	132.00	33.80	3.50	93.00
2001	97.00	30.50	3.30	69.00
2001	309.00	32.20	3.20	101.00
2001	173.00	31.00	3.20	83.00
2001	184.00	27.50	3.70	86.00
2001	25.00	31.30	3.40	57.00
2001	180.00	27.20	2.60	67.00
2001	17.00	24.90	3.50	23.00
2001	343.00	30.30	3.40	108.00
2001	244.00	25.50	3.40	80.00
2001	245.00	30.30	2.90	93.00
2001	136.00	25.10	3.20	35.00
2001	83.00	27.50	3.40	71.00
2001	112.00	24.50	3.40	34.00
2001	162.00	33.10	3.40	90.00
2001	63.00	27.90	3.60	35.00
2001	182.00	25.40	3.70	31.00
2001	413.00	34.10	3.00	155.00
2001	91.00	33.50	2.70	64.00
2001	344.00	28.30	2.20	141.00
2001	442.00	31.20	2.70	274.00
2001	384.00	32.90	2.90	112.00
2001	595.00	31.60	2.90	278.00
2001	627.00	33.80	2.90	132.00
2001	246.00	29.30	3.00	72.00
2001	913.00	30.60	3.20	213.00
2001	128.00	31.00	2.60	89.00
2001	306.00	31.30	3.20	73.00
2001	636.00	32.10	2.80	151.00
2001	759.00	26.80	3.00	247.00
2001	435.00	37.60	2.90	132.00
2001	529.00	30.10	3.30	207.00
2001	129.00	27.40	2.90	81.00
2001	107.00	26.70	3.20	49.00
2001	0.00	NA	NA	10.00
2001	9.00	32.60	2.90	7.00
2001	5.00	NA	NA	7.00
2001	513.00	31.00	2.80	150.00
2001	377.00	28.90	3.90	118.00
2001	241.00	28.40	3.20	93.00
2001	234.00	31.40	3.20	85.00
2001	111.00	28.10	3.30	77.00
2001	7.00	28.40	3.40	14.00
2001	312.00	25.20	3.30	102.00
2001	134.00	29.00	2.90	54.00
2001	0.00	NA	NA	9.00
2001	111.00	27.00	3.80	46.00
2001	426.00	28.40	2.90	197.00
2001	529.00	29.10	3.10	161.00
2001	408.00	32.50	3.50	193.00
2001	83.00	28.40	3.00	198.00
2001	9.00	34.50	3.50	25.00
2001	195.00	32.20	3.60	81.00
2001	83.00	31.30	3.90	22.00
2001	221.00	25.90	3.00	61.00
2001	281.00	24.40	3.20	97.00
2001	84.00	33.20	3.20	49.00
2001	167.00	NA	NA	149.00
2002	114.00	25.90	3.00	45.00
2002	0.00	30.10	3.70	6.00
2002	64.00	28.40	3.20	43.00
2002	50.00	30.10	3.10	44.00
2002	47.00	34.20	2.70	52.00
2002	33.00	27.60	3.10	20.00
2002	28.00	32.20	3.30	20.00
2002	0.00	25.40	2.50	8.00
2002	0.00	NA	NA	17.00
2002	36.00	30.70	2.80	30.00
2002	38.00	26.90	3.30	33.00
2002	187.00	27.50	3.00	153.00
2002	110.00	28.70	3.70	91.00
2002	22.00	NA	NA	35.00
2002	0.00	NA	NA	13.00
2002	18.00	26.40	3.80	13.00
2002	38.00	30.90	2.90	42.00
2002	38.00	NA	NA	24.00
2002	0.00	26.40	3.10	0.00
2002	45.00	26.00	2.80	23.00
2002	10.00	26.00	3.40	16.00
2002	7.00	25.60	2.80	45.00
2002	27.00	29.70	3.30	102.00
2002	46.00	27.20	3.20	14.00
2002	6.00	30.50	3.90	15.00
2002	31.00	25.30	4.20	69.00
2002	108.00	27.00	3.10	114.00
2002	65.00	30.30	3.30	57.00
2002	54.00	28.40	4.20	36.00
2002	140.00	27.10	3.60	169.00
2002	0.00	21.60	2.10	14.00
2002	5.00	27.70	3.30	47.00
2002	186.00	24.60	3.40	186.00
2002	197.00	NA	NA	93.00
2002	132.00	26.50	3.40	90.00
2002	28.00	29.00	3.50	43.00
2002	33.00	29.90	3.00	77.00
2002	20.00	26.60	3.00	15.00
2002	168.00	28.90	3.40	152.00
2002	6.00	24.70	3.10	38.00
2002	12.00	32.60	2.60	35.00
2002	82.00	28.20	3.20	204.00
2002	99.00	29.80	3.40	43.00
2002	3.00	26.70	3.10	17.00
2003	7.00	NA	NA	50.00
2003	85.00	31.60	2.70	43.00
2003	87.00	23.10	2.80	72.00
2003	51.00	25.30	2.50	61.00
2003	48.00	20.40	2.70	48.00
2003	0.00	18.20	2.20	39.00
2003	115.00	23.30	2.70	39.00
2003	191.00	26.10	2.90	74.00
2003	209.00	24.90	3.30	78.00
2004	14.00	35.40	3.20	30.00
2004	0.00	35.90	3.60	10.00
2004	44.00	31.20	3.30	58.00
2004	28.00	32.50	3.10	46.00
2004	1.00	21.10	1.80	1.00
2004	64.00	34.30	3.30	45.00
2004	67.00	26.30	4.00	22.00
2004	153.00	30.20	3.40	104.00
2004	14.00	25.60	3.30	39.00
2004	19.00	15.20	3.40	24.00
2004	0.00	29.60	3.10	70.00
2004	74.00	33.40	3.40	52.00
2004	22.00	30.50	3.50	15.00
2004	131.00	33.50	3.20	46.00
2004	23.00	29.60	3.50	69.00
2005	216.00	28.90	3.00	118.00
2005	0.00	29.80	3.00	2.00
2005	237.00	32.90	3.10	276.00
2005	28.00	27.90	3.30	51.00
2005	33.00	33.80	2.90	47.00
2005	25.00	33.80	3.20	45.00
2006	3.00	31.70	3.40	52.00
2006	0.00	28.30	3.20	22.00
2006	7.00	26.60	3.30	38.00
2006	52.00	30.80	3.40	38.00
2006	39.00	30.60	3.80	81.00
2006	63.00	28.20	3.70	32.00
2006	19.00	28.70	3.10	68.00
2006	0.00	25.70	4.10	14.00
2006	58.00	28.80	3.50	65.00
2006	137.00	29.00	3.70	68.00
2001	71.00	28.90	3.50	28.00
2001	176.00	23.60	3.40	63.00
2001	82.00	NA	NA	33.00
2001	36.00	32.50	3.40	44.00
2001	220.00	30.40	3.50	115.00
2001	72.00	29.40	4.20	34.00
2001	427.00	31.90	3.30	215.00
2001	77.00	31.60	3.40	66.00
2001	61.00	26.60	2.60	45.00
2002	9.00	20.30	2.70	23.00
2002	0.00	NA	NA	15.00
2002	37.00	24.20	3.40	156.00
2002	3.00	25.60	2.20	66.00
2002	47.00	20.90	3.10	64.00
2002	8.00	30.20	2.70	126.00
2002	74.00	24.60	2.60	150.00
2002	50.00	29.50	2.80	83.00
2003	41.00	25.40	3.30	33.00
2003	0.00	NA	NA	5.00
2003	23.00	20.30	3.10	28.00
2004	123.00	33.70	2.90	103.00
2004	56.00	23.30	2.90	36.00
2004	66.00	35.20	3.50	61.00
2005	0.00	23.40	2.90	23.00
2005	27.00	27.30	3.40	47.00
2005	39.00	28.60	2.80	92.00
2006	100.00	27.50	3.60	28.00
2006	56.00	30.60	3.60	10.00
2006	17.00	29.50	3.40	41.00
2006	116.00	29.10	3.50	56.00
2006	31.00	31.20	3.70	115.00
2006	121.00	31.90	3.00	131.00
2010	58.00	27.30	3.90	48.00
2010	56.00	23.70	3.80	50.00
2010	84.00	27.10	3.10	126.00
2010	175.00	27.80	2.60	103.00
2010	81.00	22.50	3.80	40.00
2010	152.00	23.30	3.50	53.00
2011	36.00	29.80	3.10	87.00
2011	472.00	28.60	3.20	143.00
2011	202.00	26.40	3.30	136.00
2011	158.00	29.00	3.20	83.00
2011	32.00	21.90	3.40	144.00
2011	0.00	25.10	3.40	24.00
2011	26.00	34.90	3.60	33.00
2011	61.00	26.40	3.70	26.00
2011	78.00	28.90	3.60	33.00
2011	487.00	31.80	3.50	177.00
2011	352.00	32.20	3.40	167.00
2011	144.00	31.80	3.70	62.00
2011	495.00	30.50	3.60	149.00
2011	245.00	28.40	3.70	47.00
2011	62.00	25.60	3.70	25.00
2011	181.00	25.90	3.30	67.00
2011	189.00	22.90	3.70	48.00
2011	182.00	28.10	3.50	87.00
2011	567.00	27.60	3.60	169.00
2011	233.00	32.30	3.80	100.00
2011	1081.00	26.90	3.80	355.00
2011	160.00	22.10	3.30	55.00
2011	80.00	28.90	3.50	74.00
2011	128.00	28.20	3.30	97.00
2011	322.00	30.30	3.20	123.00
2011	179.00	25.40	3.20	44.00
2011	149.00	25.50	3.30	59.00
2011	78.00	28.30	3.10	95.00
2011	161.00	26.70	3.30	182.00
2011	376.00	31.80	3.10	140.00
2011	268.00	30.50	3.00	162.00
2011	59.00	25.80	3.10	34.00
2011	128.00	27.00	3.40	59.00
2011	287.00	26.80	3.60	95.00
2012	3.00	30.70	3.40	30.00
2012	38.00	32.00	3.50	77.00
2012	26.00	35.20	3.30	230.00
2012	3.00	29.80	3.00	41.00
2012	71.00	21.80	3.60	137.00
2012	5.00	31.50	3.10	129.00
2012	7.00	30.00	3.00	47.00
2012	38.00	24.00	3.40	84.00
2012	0.00	NA	NA	14.00
2012	0.00	24.90	3.10	9.00
2012	17.00	30.60	3.40	74.00
2012	7.00	25.50	3.70	25.00
2012	0.00	27.00	3.50	53.00
2012	15.00	19.70	3.00	36.00
2012	53.00	26.30	3.90	59.00
2012	0.00	32.90	3.70	10.00
2012	13.00	26.00	3.40	8.00
2012	13.00	21.00	3.00	23.00
2012	5.00	25.60	3.60	62.00
2012	46.00	23.90	3.50	37.00
2012	23.00	27.60	3.40	39.00
2012	9.00	25.40	3.90	21.00
2012	113.00	27.90	3.40	131.00
2012	2.00	27.90	2.30	70.00
2012	35.00	27.60	3.40	68.00
2012	39.00	33.30	3.00	121.00
2012	48.00	26.00	3.10	71.00
2012	38.00	29.50	2.80	27.00
2012	143.00	18.80	2.80	152.00
2012	3.00	30.50	2.90	79.00
2012	9.00	19.90	2.50	38.00
2012	24.00	32.70	3.30	47.00
2012	24.00	22.00	2.50	69.00
2013	5.00	30.44	2.94	24.00
2013	68.00	35.20	3.50	98.00
2013	56.00	26.70	3.16	37.00
2013	97.00	28.43	3.43	58.00
2013	23.00	25.50	3.70	29.00
2013	8.00	32.75	3.28	36.00
2013	47.00	29.02	2.78	36.00
2013	57.00	27.38	3.70	64.00
2013	62.00	32.56	3.20	125.00
2013	49.00	33.38	3.60	144.00
2013	57.00	30.72	2.48	105.00
2013	130.00	26.93	3.14	192.00
2013	54.00	27.17	3.00	37.00
2013	56.00	34.86	3.64	30.00
2013	93.00	27.28	3.42	77.00
2013	92.00	26.50	3.80	38.00
2013	81.00	25.28	3.68	45.00
2013	0.00	26.50	3.76	20.00
2013	66.00	25.82	3.48	33.00
2013	127.00	22.54	3.38	35.00
2013	6.00	23.46	2.42	29.00
2013	5.00	28.20	2.40	28.00
2013	31.00	37.03	2.83	111.00
