pop	year	ID	date	rain	patch	moist	openBl	fruit	blossom	stage	pollen	resin	height	ASD	GAD	GSD	GW	GHl	GHr	UBL	UBW	pollenfem	pollenmale	DIFF	pollentot	GA	UBA	pollentot	lnpoll	EuglossaObs	EufrObs	HypantObs	seeds_GH	seeds_undeveloped	seeds_pred	total_seeds	seeds_surviving	small_black	empty_cap
PV	2015	212	07.11.2015	0	0	64.51666667	11	5	1	M1	13	1	79	6.23	5.26	4.41	9.07	4.63	4.47	23.13	22.75	22	0	9	22	41.27	526.21	22	3.09	1	0	0	NA	NA	NA	NA	NA	NA	NA
PV	2015	213	07.11.2015	0	0	64.51666667	11	5	2	M3	60	1	115	6.72	7.50	6.23	9.87	4.93	4.76	26.53	26.04	60	0	0	60	47.82	690.84	60	4.09	1	0	0	0	0	0	0	0	0	0
PV	2015	283	09.11.2015	0	0	64.51666667	11	5	3	M1	150	1	105	4.37	5.55	4.80	9.60	4.49	4.33	20.74	19.50	120	30	0	150	42.34	404.43	150	4.79	1	0	0	0	0	0	0	0	0	0
PV	2015	300	10.11.2015	0	0	64.51666667	11	5	4	M2	30	1	87	5.47	3.72	5.00	8.32	4.03	3.93	21.72	21.04	28	2	0	30	33.11	456.99	30	3.33	1	0	0	NA	NA	NA	NA	NA	NA	NA
PV	2015	285	09.11.2015	0	0	64.51666667	11	5	5	M1	10	1	99	5.42	4.64	5.10	8.18	4.14	4.00	18.53	18.51	30	0	20	30	33.29	342.99	30	3.40	1	0	0	NA	NA	NA	NA	NA	NA	NA
PV	2015	366	12.11.2015	0	0	64.51666667	11	5	6	M2	14	1	124	6.12	4.62	4.15	8.46	4.37	4.13	22.58	20.56	22	0	8	22	35.96	464.24	22	3.09	1	0	0	0	0	0	0	0	0	0
PV	2015	367	12.11.2015	0	0	64.51666667	11	5	7	M1	25	1	124	4.16	5.10	4.59	9.07	4.49	4.04	20.54	19.79	40	0	15	40	38.68	406.49	40	3.69	1	0	0	0	0	0	0	0	0	0
PV	2015	417	14.11.2015	0	0	64.51666667	11	5	9	M2	0	1	98	5.63	3.63	4.92	8.68	4.23	3.87	17.96	18.55	0	0	0	0	35.15	333.16	0	0.00	1	0	0	0	0	0	0	0	0	0
PV	2015	80	26.10.2015	1	1	26.80833333	7	50	2	M3	40	1	185	4.59	5.14	5.13	10.11	5.21	5.15	27.02	24.44	100	0	60	100	52.37	660.37	100	4.61	3	4	6	3	1	0	4	4	0	2
PV	2015	81	26.10.2015	1	1	26.80833333	7	50	3	M1	40	1	206	3.86	4.51	4.70	10.15	4.91	4.79	29.11	24.19	12	28	0	40	49.23	704.17	40	2.48	3	4	6	6	0	0	6	6	0	0
PV	2015	84	26.10.2015	1	1	26.80833333	7	50	6	M2	90	1	202	3.53	5.01	4.52	10.56	5.02	4.30	30.84	26.41	70	20	0	90	49.21	814.48	90	4.25	3	4	6	4	5	0	9	9	0	0
PV	2015	113	28.10.2015	1	1	26.80833333	7	50	7	M1	35	1	158	4.23	3.92	4.55	7.93	3.94	3.83	25.14	21.60	50	0	15	50	30.81	543.02	50	3.91	3	4	6	3	0	0	3	3	0	3
PV	2015	112	28.10.2015	1	1	26.80833333	7	50	8	M1	60	1	175	5.20	4.58	5.66	9.48	4.25	4.77	23.65	21.78	6	54	0	60	42.75	515.10	60	1.79	3	4	6	0	0	0	0	0	0	0
PV	2015	291	09.11.2015	0	1	26.80833333	7	50	10	M2	3	1	179	NA	NA	4.59	9.03	4.59	4.61	23.65	22.36	5	0	2	5	41.54	528.81	5	1.61	3	4	6	0	0	0	0	0	0	0
PV	2015	342	11.11.2015	0	1	26.80833333	7	50	12	M1	22	1	234	NA	NA	4.65	9.29	4.13	4.42	21.53	20.80	13	9	0	22	39.71	447.82	22	2.56	3	4	6	0	0	0	0	0	0	0
PV	2015	74	26.10.2015	1	2	53.93	7.5	50	1	M1	120	1	204	2.28	6.51	4.14	9.94	4.55	4.59	26.30	26.90	18	102	0	120	45.43	707.47	120	2.89	3	2	1	8	1	0	9	9	0	0
PV	2015	114	28.10.2015	1	2	53.93	7.5	50	7	M1	25	0	133	2.17	3.15	3.41	7.06	2.83	2.97	16.39	18.99	45	0	20	45	20.47	311.25	45	3.81	3	2	1	0	0	0	0	0	0	0
PV	2015	190	07.11.2015	0	2	53.93	7.5	50	8	M1	50	1	42	3.88	5.84	5.22	8.33	4.03	4.12	19.74	21.88	3	47	0	50	33.94	431.91	50	1.10	3	2	1	9	0	0	9	9	0	0
PV	2015	191	07.11.2015	0	2	53.93	7.5	50	9	M1	9	1	60	3.41	3.79	4.14	7.55	3.60	3.43	17.96	17.81	3	6	0	9	26.54	319.87	9	1.10	3	2	1	0	0	0	0	0	0	0
PV	2015	289	09.11.2015	0	2	53.93	7.5	50	10	M2	15	1	40	5.14	6.35	4.66	8.40	3.68	3.70	19.81	20.95	0	15	0	15	31.00	415.02	15	0.00	3	2	1	8	0	0	8	8	0	1
PV	2015	339	11.11.2015	0	2	53.93	7.5	50	11	M1	41	1	46	NA	NA	3.57	8.27	4.08	3.96	21.22	19.97	40	1	0	41	33.25	423.76	41	3.69	3	2	1	0	1	0	1	1	0	0
PV	2015	340	11.11.2015	0	2	53.93	7.5	50	12	M3	32	1	18	4.31	6.04	5.42	8.12	3.84	3.96	21.06	20.97	3	29	0	32	31.67	441.63	32	1.10	3	2	1	6	3	0	9	9	0	0
PV	2015	73	26.10.2015	1	3	37.95833333	1	30	1	M2	5	1	196	5.75	3.74	4.81	9.18	5.24	4.56	21.87	23.08	4	1	0	5	44.98	504.76	5	1.39	1	4	0	2	0	0	2	2	0	1
PV	2015	171	06.11.2015	0	3	37.95833333	1	30	3	M2	13	1	177	5.04	4.43	4.10	8.73	4.00	4.51	17.11	16.76	9	4	0	13	37.15	286.76	13	2.20	1	4	0	0	0	0	0	0	0	0
PV	2015	194	07.11.2015	0	3	37.95833333	1	30	4	M2	2	1	173	5.06	2.69	3.91	7.79	2.33	1.98	17.26	17.38	0	2	0	2	16.79	299.98	2	0.00	1	4	0	NA	NA	NA	NA	NA	NA	NA
PV	2015	91	27.10.2015	1	4	39.75222222	22.5	35	1	M3	13	1	NA	3.34	3.39	3.22	8.98	3.75	3.40	18.08	20.06	6	7	0	13	32.10	362.68	13	1.79	5	10	0	0	0	0	0	0	0	0
PV	2015	92	27.10.2015	1	4	39.75222222	22.5	35	3	M3	NA	1	NA	3.50	5.53	3.93	9.49	4.61	4.50	19.92	19.73	5	NA	0	NA	43.23	393.02	NA	1.61	5	10	0	0	0	0	0	0	0	0
PV	2015	168	06.11.2015	0	4	39.75222222	22.5	35	4	M1	5	1	68	NA	NA	4.61	8.40	3.90	3.34	18.39	21.33	0	5	0	5	30.41	392.26	5	0.00	5	10	0	0	0	0	0	0	0	0
PV	2015	195	07.11.2015	0	4	39.75222222	22.5	35	5	M1	9	1	142	NA	NA	4.12	8.27	4.51	4.20	15.69	18.00	15	0	6	15	36.02	282.42	15	2.71	5	10	0	0	0	0	0	0	0	0
PV	2015	170	06.11.2015	0	4	39.75222222	22.5	35	6	M3	7	1	235	2.61	4.25	4.04	7.60	3.87	4.11	17.18	18.22	1	6	0	7	30.32	313.02	7	0.00	5	10	0	NA	NA	NA	NA	NA	NA	NA
PV	2015	66	26.10.2015	1	5	44.62666667	0	15	1	M3	32	NA	226	6.15	5.04	4.60	8.34	4.01	4.65	19.89	18.88	0	32	0	32	36.11	375.52	32	0.00	1	1	0	0	0	0	0	0	0	0
PV	2015	67	26.10.2015	1	5	44.62666667	0	15	2	M2	30	1	129	4.44	4.85	4.17	9.36	4.67	4.35	23.45	24.22	8	22	0	30	42.21	567.96	30	2.08	1	1	0	NA	NA	NA	NA	NA	NA	NA
PV	2015	64	26.10.2015	1	6	24.17777778	0	12	1	M1	90	1	211	4.16	6.42	4.69	8.67	3.36	4.86	24.25	22.36	50	40	0	90	35.63	542.23	90	3.91	0	0	0	3	3	3	9	6	0	0
PV	2015	196	07.11.2015	0	6	24.17777778	0	12	2	M3	22	1	232	4.11	5.48	4.83	8.61	4.47	3.99	21.02	19.99	30	0	8	30	36.42	420.19	30	3.40	0	0	0	0	0	0	0	0	0	0
PV	2015	106	27.10.2015	1	7	22.00777778	4	15	1	M3	12	0	140	5.88	7.52	4.57	10.10	5.30	4.79	27.79	26.78	10	2	0	12	50.95	744.22	12	2.30	2	1	2	0	0	0	0	0	0	0
PV	2015	107	27.10.2015	1	7	22.00777778	4	15	2	M1	100	1	130	5.91	7.55	4.59	10.37	4.79	5.08	25.42	24.39	110	0	10	110	51.18	619.99	110	4.70	2	1	2	0	0	0	0	0	0	0
PV	2015	165	06.11.2015	0	7	22.00777778	4	15	4	M1	2	0	117	5.77	5.75	4.63	8.27	4.51	3.14	18.81	18.60	0	2	0	2	31.63	349.87	2	0.00	2	1	2	0	0	0	0	0	0	0
PV	2015	166	06.11.2015	0	7	22.00777778	4	15	5	M1	2	1	160	5.42	7.04	4.29	8.72	4.75	4.39	19.36	19.77	3	0	1	3	39.85	382.75	3	1.10	2	1	2	0	0	0	0	0	0	0
PV	2015	227	08.11.2015	0	7	22.00777778	4	15	6	M1	15	1	181	5.77	6.10	4.14	8.23	4.32	4.11	18.76	19.04	3	12	0	15	34.69	357.19	15	1.10	2	1	2	0	0	0	0	0	0	0
PV	2015	228	08.11.2015	0	7	22.00777778	4	15	7	M1	68	1	181	4.48	4.91	4.51	8.03	4.62	4.31	18.57	18.88	0	68	0	68	35.85	350.60	68	0.00	2	1	2	0	0	0	0	0	0	0
PV	2015	229	08.11.2015	0	7	22.00777778	4	15	8	M1	29	1	154	5.39	5.17	4.19	8.42	4.13	3.64	19.18	18.68	0	29	0	29	32.71	358.28	29	0.00	2	1	2	0	0	0	0	0	0	0
PV	2015	334	11.11.2015	0	7	22.00777778	4	15	9	M1	16	1	146	5.19	6.45	6.03	9.21	4.34	4.38	22.29	22.82	5	11	0	16	40.16	508.66	16	1.61	2	1	2	0	0	0	0	0	0	0
PV	2015	60	26.10.2015	1	8	25.72	5	7	1	M1	6	NA	107	3.98	7.25	6.27	10.19	4.63	4.41	24.88	28.08	0	6	0	6	46.06	698.63	6	0.00	0	2	0	5	0	0	5	5	0	1
PV	2015	161	06.11.2015	0	8	25.72	5	7	2	M4	53	0	97	2.34	4.82	4.76	8.50	4.04	3.10	22.20	22.43	80	0	27	80	30.35	497.95	80	4.38	0	2	0	0	0	0	0	0	0	0
PV	2015	200	07.11.2015	0	8	25.72	5	7	3	M1	40	1	129	4.38	6.32	4.96	9.07	3.92	3.97	18.62	20.26	20	20	0	40	35.78	377.24	40	3.00	0	2	0	0	0	0	0	0	0	0
PV	2015	274	09.11.2015	0	8	25.72	5	7	4	M1	8	1	141	3.42	5.03	4.19	8.35	3.06	3.30	15.53	16.28	14	0	6	14	26.55	252.83	14	2.64	0	2	0	1	0	2	3	1	3	0
PV	2015	275	09.11.2015	0	8	25.72	5	7	5	M2	11	1	123	3.75	6.96	4.87	8.47	3.34	3.52	18.31	18.68	1	10	0	11	29.05	342.03	11	0.00	0	2	0	NA	NA	NA	NA	NA	NA	NA
PV	2015	396	13.11.2015	0	8	25.72	5	7	6	M1	24	1	88	1.52	4.82	5.04	8.75	4.59	4.22	18.67	18.58	19	5	0	24	38.54	346.89	24	2.94	0	2	0	0	0	0	0	0	0	0
PV	2015	422	14.11.2015	0	8	25.72	5	7	7	M2	7	1	95	1.63	4.49	5.90	8.15	3.24	3.00	18.49	18.72	1	6	0	7	25.43	346.13	7	0.00	0	2	0	0	0	0	0	0	0	0
PV	2015	225	08.11.2015	0	9	23.08888889	8.5	2	1	M2	48	1	121	4.00	6.42	6.17	9.31	5.00	4.36	21.50	22.45	37	11	0	48	43.57	482.68	48	3.61	0	6	2	8	1	0	9	9	0	0
PV	2015	58	26.10.2015	1	9	23.08888889	8.5	2	2	M1	0	NA	110	4.34	5.43	5.05	8.65	4.95	3.09	22.25	22.03	0	0	0	0	34.77	490.17	0	0.00	0	6	2	NA	NA	NA	NA	NA	NA	NA
PV	2015	309	10.11.2015	0	9	23.08888889	8.5	2	3	M3	45	0	130	4.34	6.78	6.61	8.70	4.45	4.91	20.27	20.53	0	45	0	45	40.72	416.14	45	0.00	0	6	2	0	0	0	0	0	0	0
PV	2015	332	11.11.2015	0	9	23.08888889	8.5	2	4	M2	6	1	145	4.77	6.50	6.12	9.87	5.33	4.90	21.22	21.47	2	4	0	6	50.49	455.59	6	0.69	0	6	2	0	0	0	0	0	0	0
PV	2015	369	12.11.2015	0	9	23.08888889	8.5	2	5	M1	10	1	135	3.54	5.52	4.54	8.93	4.43	4.31	17.72	18.60	14	0	4	14	39.02	329.59	14	2.64	0	6	2	0	0	0	0	0	0	0
PV	2015	394	13.11.2015	0	9	23.08888889	8.5	2	6	M3	65	1	146	5.10	6.54	5.98	9.42	4.09	4.13	22.19	22.34	13	52	0	65	38.72	495.72	65	2.56	0	6	2	4	0	2	6	4	0	6
PV	2015	395	13.11.2015	0	9	23.08888889	8.5	2	7	M1	21	1	151	3.94	6.59	5.79	9.34	4.18	4.28	22.07	22.22	12	9	0	21	39.51	490.40	21	2.48	0	6	2	9	0	0	9	9	0	0
PV	2015	202	07.11.2015	0	9	23.08888889	8.5	2	2b	M1	50	1	121	4.18	6.48	5.90	9.40	4.99	4.77	21.77	21.24	33	17	0	50	45.87	462.39	50	3.50	0	6	2	0	0	0	0	0	0	0
PV	2015	203	07.11.2015	0	10	36.65222222	12.5	20	3	M3	270	1	106	3.95	5.81	6.29	9.07	4.76	4.54	27.37	26.58	240	30	0	270	42.18	727.49	270	5.48	2	6	0	3	0	0	3	3	0	0
PV	2015	204	07.11.2015	0	10	36.65222222	12.5	20	4	M1	14	1	72	3.70	7.35	7.41	7.98	3.85	3.43	24.83	22.66	23	0	9	23	29.05	562.65	23	3.14	2	6	0	0	0	0	0	0	0	0
PV	2015	206	07.11.2015	0	10	36.65222222	12.5	20	6	M2	9	1	139	6.55	5.46	5.37	8.28	3.99	3.77	24.28	22.84	20	0	11	20	32.13	554.56	20	3.00	2	6	0	6	0	0	6	6	0	0
PV	2015	222	08.11.2015	0	10	36.65222222	12.5	20	7	M1	19	1	114	5.17	3.42	4.96	8.36	4.31	3.78	22.64	20.88	14	5	0	19	33.82	472.72	19	2.64	2	6	0	5	0	0	5	5	0	1
PV	2015	311	10.11.2015	0	10	36.65222222	12.5	20	8	M4	38	1	115	2.94	4.26	3.20	8.76	4.77	4.39	20.26	19.88	29	9	0	38	40.12	402.77	38	3.37	2	6	0	0	0	0	0	0	0	0
PV	2015	372	12.11.2015	0	10	36.65222222	12.5	20	10	M1	0	1	76	6.24	4.38	4.41	9.70	4.32	4.13	20.29	20.07	0	0	0	0	40.98	407.22	0	0.00	2	6	0	0	0	0	0	0	0	0
PV	2015	52	26.10.2015	1	11	40.02	0	1	1	M2	7	NA	129	5.39	4.75	4.49	10.34	5.36	5.20	24.73	27.12	5	2	0	7	54.60	670.68	7	1.61	0	2	0	0	0	0	0	0	0	0
PV	2015	101	27.10.2015	1	11	40.02	0	1	2	M1	14	1	117	4.67	4.42	5.29	10.07	4.68	5.07	24.28	27.53	14	0	0	14	49.09	668.43	14	2.64	0	2	0	NA	NA	NA	NA	NA	NA	NA
PV	2015	111	28.10.2015	1	11	40.02	0	1	4	M5	45	1	127	7.22	6.30	5.38	11.04	5.93	4.62	28.97	28.73	35	10	0	45	58.24	832.31	45	3.56	0	2	0	0	0	0	0	0	0	0
PV	2015	50	26.10.2015	1	12	36.38444444	0	2	1	M1	45	NA	161	3.06	5.37	5.46	6.73	3.05	3.39	20.41	18.75	8	37	0	45	21.67	382.69	45	2.08	0	0	0	5	0	0	5	5	0	1
PV	2015	109	28.10.2015	1	12	36.38444444	0	2	2	M1	5	0	176	4.36	5.94	4.83	7.21	3.30	3.79	20.21	19.57	5	0	0	5	25.56	395.51	5	1.61	0	0	0	0	0	0	0	0	0	0
PV	2015	48	26.10.2015	1	13	44.975	0	6	1	M1	4	NA	127	5.04	4.90	4.96	9.68	4.59	4.56	20.42	22.84	0	4	0	4	44.29	466.39	4	0.00	0	0	0	0	0	0	0	0	0	0
PV	2015	99	27.10.2015	1	13	44.975	0	6	2	M1	4	1	146	5.69	3.34	3.59	7.78	3.94	3.84	16.33	18.25	5	0	1	5	30.26	298.02	5	1.61	0	0	0	0	0	0	0	0	0	0
PV	2015	44	26.10.2015	1	16	36.50333333	0.5	6	1	M1	25	NA	95	3.96	6.31	6.30	10.38	4.53	4.48	28.43	32.49	38	0	13	38	46.76	923.69	38	3.64	0	0	0	3	0	0	3	3	0	3
PV	2015	97	27.10.2015	1	16	36.50333333	0.5	6	2	M2	4	0	94	4.42	5.34	5.54	9.74	4.50	4.74	24.09	28.14	0	4	0	4	45.00	677.89	4	0.00	0	0	0	0	0	0	0	0	0	0
PV	2015	108	28.10.2015	1	16	36.50333333	0.5	6	3	M1	10	1	101	5.20	7.11	6.10	10.88	5.35	3.19	26.78	28.07	5	5	0	10	46.46	751.71	10	1.61	0	0	0	1	0	0	1	1	0	2
PV	2015	156	06.11.2015	0	16	36.50333333	0.5	6	1b	M1	0	0	95	NA	NA	4.07	8.72	3.85	3.99	20.52	21.58	0	0	0	0	34.18	442.82	0	0.00	0	0	0	0	0	0	0	0	0	0
PV	2015	42	26.10.2015	1	18	32.985	0	3	2	M1	0	NA	70	4.49	4.29	5.89	9.97	3.71	4.32	25.33	24.58	0	0	0	0	40.03	622.61	0	0.00	0	0	0	0	0	0	0	0	0	0
PV	2015	96	27.10.2015	1	18	32.985	0	3	3	M1	4	0	69	7.04	4.29	4.14	8.33	2.78	3.70	21.67	23.59	0	4	0	4	26.99	511.20	4	0.00	0	0	0	0	0	0	0	0	0	0
PV	2015	262	09.11.2015	0	22	26.77333333	4	4	1	M1	46	1	161	4.53	4.51	3.81	7.73	3.82	3.95	16.24	16.88	45	1	0	46	30.03	274.13	46	3.81	0	0	0	3	3	0	6	6	1	0
PV	2015	263	09.11.2015	0	22	26.77333333	4	4	2	M1	4	1	109	4.83	4.54	4.66	7.74	4.00	4.00	15.95	16.25	6	0	2	6	30.96	259.19	6	1.79	0	0	0	6	1	0	7	7	0	2
PV	2015	39	26.10.2015	1	23	25.01444444	0	10	1	M1	42	NA	1.64	5.36	5.27	6.37	8.99	3.88	4.66	23.17	24.89	36	6	0	42	38.39	576.70	42	3.58	0	0	0	NA	NA	NA	NA	NA	NA	NA
PV	2015	40	26.10.2015	1	23	25.01444444	0	10	2	M1	2	NA	66	4.09	2.90	4.43	9.23	4.30	4.80	23.47	21.82	1	1	0	2	42.00	512.12	2	0.00	0	0	0	NA	NA	NA	NA	NA	NA	NA
PV	2015	122	05.11.2015	0	25	23.39888889	4	30	1	M3	40	1	156	6.05	5.27	5.42	8.30	4.53	4.63	22.81	22.58	40	0	0	40	38.01	515.05	40	3.69	4	6	2	0	0	0	0	0	0	0
PV	2015	210	07.11.2015	0	25	23.39888889	4	30	3	M2	43	1	156	5.19	5.83	5.08	8.62	4.03	3.85	21.20	21.51	18	25	0	43	33.96	456.01	43	2.89	4	6	2	0	0	0	0	0	0	0
PV	2015	152	06.11.2015	0	25	23.39888889	4	30	4	M1	80	1	281	4.42	5.20	5.14	7.03	3.65	3.79	20.18	20.92	40	40	0	80	26.15	422.17	80	3.69	4	6	2	0	0	0	0	0	0	0
PV	2015	379	12.11.2015	0	25	23.39888889	4	30	8	M1	14	1	158	3.78	4.05	5.85	7.67	4.25	4.22	22.25	25.00	10	4	0	14	32.48	556.25	14	2.30	4	6	2	6	2	0	8	8	0	0
PV	2015	322	10.11.2015	0	25	23.39888889	4	30	9	M2	NA	1	237	2.77	4.28	5.35	7.67	4.27	3.24	21.06	21.30	55	NA	0	NA	28.80	448.58	NA	4.01	4	6	2	0	0	0	0	0	0	0
PV	2015	323	10.11.2015	0	25	23.39888889	4	30	10	M1	NA	NA	252	4.11	2.37	5.83	7.09	3.49	2.75	17.96	17.52	15	NA	0	NA	22.12	314.66	NA	2.71	4	6	2	0	0	0	0	0	0	0
PV	2015	209	07.11.2015	0	26	29.70833333	1.5	5	1	M1	52	1	69	3.52	4.34	4.20	6.48	3.49	3.78	19.37	20.29	57	0	5	57	23.55	393.02	57	4.04	0	0	0	9	0	0	9	9	0	0
PV	2015	261	09.11.2015	0	26	29.70833333	1.5	5	2	M1	34	1	74	4.24	4.47	4.80	6.91	3.84	3.51	17.50	18.17	29	5	0	34	25.39	317.98	34	3.37	0	0	0	0	0	0	0	0	0	0
PV	2015	375	12.11.2015	0	26	29.70833333	1.5	5	3	M1	47	1	74	4.71	4.41	5.65	7.14	4.20	3.55	20.21	21.57	16	31	0	47	27.67	435.93	47	2.77	0	0	0	9	0	0	9	9	0	0
PV	2015	150	06.11.2015	0	30	35.515	1	3	1	M1	70	0	61	4.73	6.71	4.75	7.78	3.96	3.90	16.91	18.33	70	0	0	70	30.58	309.96	70	4.25	0	0	0	0	0	0	0	0	0	0
PV	2015	154	06.11.2015	0	31	28.50833333	0.5	10	1	M1	11	1	94	4.54	5.09	4.41	6.81	3.80	3.51	16.42	18.39	14	0	3	14	24.89	301.96	14	2.64	0	0	0	0	0	0	0	0	0	0
PV	2015	127	05.11.2015	0	32	29.77166667	0.5	5	1	M1	4	1	187	2.78	3.91	4.58	7.38	3.81	3.45	16.83	18.39	4	0	0	4	26.79	309.50	4	1.39	0	1	1	0	3	0	3	3	0	0
PV	2015	218	07.11.2015	0	32	29.77166667	0.5	5	2	M1	13	1	186	3.98	4.00	4.74	7.63	3.37	4.10	16.43	18.03	0	13	0	13	28.50	296.23	13	0.00	0	1	1	0	0	0	0	0	0	0
PV	2015	316	10.11.2015	0	33	26.63888889	6.5	4	1	M3	11	1	159	NA	NA	8.30	9.17	4.81	5.01	23.11	27.00	15	0	4	15	45.02	623.97	15	2.71	0	0	1	3	0	0	3	3	0	0
PV	2015	328	11.11.2015	0	33	26.63888889	6.5	4	2	M1	10	1	165	NA	NA	4.62	9.13	4.64	4.59	20.40	22.83	13	0	3	13	42.13	465.73	13	2.56	0	0	1	1	1	0	2	2	0	0
PV	2015	380	12.11.2015	0	33	26.63888889	6.5	4	4	M1	8	1	164	NA	NA	6.71	8.65	4.90	4.44	19.29	21.84	6	2	0	8	40.40	421.29	8	1.79	0	0	1	0	0	0	0	0	0	0
PV	2015	255	09.11.2015	0	34	25.63888889	5.5	2	1	M2	45	1	147	3.65	5.09	4.99	7.90	3.83	3.55	18.87	21.02	37	8	0	45	29.15	396.65	45	3.61	2	0	1	5	0	0	5	5	0	1
PV	2015	256	09.11.2015	0	34	25.63888889	5.5	2	2	M3	1	0	91	5.13	4.94	4.89	7.95	2.93	3.03	21.04	20.64	0	1	0	1	23.69	434.27	1	0.00	2	0	1	5	0	0	5	5	3	0
PV	2015	413	14.11.2015	0	34	25.63888889	5.5	2	3	M3	32	0	112	1.63	3.73	5.02	8.51	3.18	3.52	23.34	23.92	35	0	3	35	28.51	558.29	35	3.56	2	0	1	6	0	0	6	6	0	0
PV	2015	391	13.11.2015	0	34	25.63888889	5.5	2	4	M2	2	0	104	3.40	4.29	4.29	7.90	3.40	2.75	17.54	18.85	3	0	1	3	24.29	330.63	3	1.10	2	0	1	0	0	3	3	0	0	0
PV	2015	392	13.11.2015	0	34	25.63888889	5.5	2	5	M2	4	1	139	3.64	4.91	5.24	8.37	3.52	3.69	18.73	21.52	6	0	2	6	30.17	403.07	6	1.79	2	0	1	0	0	0	0	0	3	0
PV	2015	423	14.11.2015	0	34	25.63888889	5.5	2	6	M2	61	1	136	3.60	5.53	5.73	8.40	3.29	3.61	21.43	21.31	30	31	0	61	28.98	456.67	61	3.40	2	0	1	8	0	0	8	8	0	1
PV	2015	351	11.11.2015	0	35	22.70777778	3	0	1	M5	34	1	182	3.73	3.52	5.51	9.73	4.94	4.31	21.50	22.08	NA	34	0	NA	45.00	474.72	NA	0.00	0	0	0	0	0	0	0	0	0	0
PV	2015	302	10.11.2015	0	36	54.32166667	12.5	4	1	M1	1	0	83	4.66	4.42	4.15	7.93	3.76	3.91	19.64	18.66	0	1	0	1	30.41	366.48	1	0.00	0	0	1	0	0	0	0	0	0	0
PV	2015	278	09.11.2015	0	36	54.32166667	12.5	4	2	M1	3	0	71	4.80	5.33	4.65	7.86	4.12	4.17	19.20	19.98	7	0	4	7	32.58	383.62	7	1.95	0	0	1	NA	NA	NA	NA	NA	NA	NA
PV	2015	335	11.11.2015	0	36	54.32166667	12.5	4	3	M4	0	0	92	5.41	5.14	4.76	8.50	4.63	3.42	21.58	22.33	1	0	1	1	34.21	481.88	1	0.00	0	0	1	NA	NA	NA	NA	NA	NA	NA
PV	2015	304	10.11.2015	0	36	54.32166667	12.5	4	4	M1	1	0	91	4.07	4.15	4.87	8.03	3.23	3.70	21.07	19.68	1	0	0	1	27.82	414.66	1	0.00	0	0	1	NA	NA	NA	NA	NA	NA	NA
PV	2015	305	10.11.2015	0	36	54.32166667	12.5	4	5	M1	0	0	84	4.88	3.63	5.09	6.99	3.00	2.96	18.67	16.65	0	0	0	0	20.83	310.86	0	0.00	0	0	1	NA	NA	NA	NA	NA	NA	NA
PV	2015	306	10.11.2015	0	36	54.32166667	12.5	4	6	M1	0	0	70	3.25	4.03	4.50	6.80	3.42	3.80	19.27	19.11	1	0	1	1	24.55	368.25	1	0.00	0	0	1	NA	NA	NA	NA	NA	NA	NA
PV	2015	336	11.11.2015	0	36	54.32166667	12.5	4	7	M1	2	0	105	5.34	4.48	3.90	8.15	3.75	3.59	18.25	18.07	0	2	0	2	29.91	329.78	2	0.00	0	0	1	0	0	0	0	0	0	0
PV	2015	397	13.11.2015	0	36	54.32166667	12.5	4	8	M3	0	1	92	4.44	5.69	5.11	8.12	3.32	3.23	18.32	18.88	0	0	0	0	26.59	345.88	0	0.00	0	0	1	NA	NA	NA	NA	NA	NA	NA
PV	2015	415	14.11.2015	0	36	54.32166667	12.5	4	9	M2	5	0	114	4.82	3.60	4.20	7.50	3.36	2.68	18.09	17.64	5	0	0	5	22.65	319.11	5	1.61	0	0	1	0	0	0	0	0	0	0
PV	2015	424	14.11.2015	0	37	30.55666667	4	0	1	M3	80	1	235	5.51	5.01	6.09	9.16	4.56	3.94	25.84	22.85	80	0	0	80	38.93	590.44	80	4.38	0	0	0	5	0	0	5	5	2	0
PV	2015	181	06.11.2015	0	0B	43.93333333	1	2	1	M1	0	0	107	5.01	4.98	4.39	8.40	3.63	3.92	13.81	14.99	0	0	0	0	31.71	207.01	0	0.00	0	0	0	0	0	0	0	0	0	0
PV	2015	215	07.11.2015	0	0B	43.93333333	1	2	2	M2	80	1	118	5.47	3.17	3.90	8.96	4.61	3.97	19.93	20.12	0	80	0	80	38.44	400.99	80	0.00	0	0	0	0	0	0	0	0	0	0
PV	2015	239	08.11.2015	0	0C	41.615	3	2	1	M2	25	1	165	4.26	3.47	4.71	8.20	4.27	3.98	15.46	16.02	0	25	0	25	33.83	247.67	25	0.00	0	0	0	0	0	0	0	0	0	0
PV	2015	217	07.11.2015	0	0C	41.615	3	2	2	M2	16	1	167	1.97	3.70	4.98	8.43	4.84	4.07	16.60	18.31	9	7	0	16	37.56	303.95	16	2.20	0	0	0	0	0	0	0	0	0	0
PV	2015	374	12.11.2015	0	15B	23.75666667	2	0	1	M1	4	0	60	3.60	3.28	4.60	7.69	4.35	3.89	17.59	16.31	0	4	0	4	31.68	286.89	4	0.00	0	0	0	0	0	0	0	0	0	0
PV	2015	211	07.11.2015	0	25b	25.655	1	5	5	M2	75	1	177	4.67	4.79	5.24	9.41	5.13	4.97	23.24	22.36	11	64	0	75	47.52	519.65	75	2.40	4	6	2	4	0	0	4	4	0	1
PV	2015	287	09.11.2015	0	2B	47.06333333	5	6	1	M1	9	1	33	5.36	7.23	5.13	9.97	5.39	4.71	24.66	23.49	7	2	0	9	50.35	579.26	9	1.95	0	0	0	5	1	0	6	6	0	1
PV	2015	234	08.11.2015	0	2B	47.06333333	5	6	2	M2	40	1	37	6.33	7.18	5.32	9.65	4.57	4.29	23.95	24.02	6	34	0	40	42.75	575.28	40	1.79	0	0	0	0	0	0	0	0	0	0
PV	2015	341	11.11.2015	0	2B	47.06333333	5	6	3	M1	60	1	39	4.96	6.84	5.74	8.96	4.41	4.31	26.76	24.90	33	27	0	60	39.07	666.32	60	3.50	0	0	0	5	2	0	7	7	0	2
PV	2015	404	13.11.2015	0	2B	47.06333333	5	6	4	M1	3	1	55	4.47	5.02	4.68	9.36	4.31	3.89	20.65	20.08	2	1	0	3	38.38	414.65	3	0.69	0	0	0	NA	NA	NA	NA	NA	NA	NA
PV	2015	418	14.11.2015	0	2B	47.06333333	5	6	5	M1	3	1	54	4.13	5.62	4.91	9.47	3.98	4.16	22.14	22.10	0	3	0	3	38.54	489.29	3	0.00	0	0	0	0	0	0	0	0	0	0
PV	2015	419	14.11.2015	0	2B	47.06333333	5	6	6	M1	73	1	52	5.24	5.78	4.87	10.14	4.60	4.25	23.21	23.28	18	55	0	73	44.87	540.33	73	2.89	0	0	0	0	0	0	0	0	0	0
PV	2015	358	12.11.2015	0	2C	49.92833333	16	5	1	M1	85	1	89	5.54	4.82	5.21	9.27	4.44	4.34	25.06	25.02	65	20	0	85	40.70	627.00	85	4.17	0	0	0	9	0	0	9	9	0	0
PV	2015	359	12.11.2015	0	2C	49.92833333	16	5	2	M1	30	1	76	5.05	6.08	4.51	8.36	3.98	3.72	21.11	21.29	17	13	0	30	32.19	449.43	30	2.83	0	0	0	8	0	0	8	8	0	1
PV	2015	360	12.11.2015	0	2C	49.92833333	16	5	3	M2	16	1	62	4.81	5.87	5.64	8.90	4.17	4.28	25.68	24.79	9	7	0	16	37.60	636.61	16	2.20	0	0	0	NA	NA	NA	NA	NA	NA	NA
PV	2015	401	13.11.2015	0	2C	49.92833333	16	5	4	M1	75	1	61	3.90	5.10	4.81	8.80	4.07	4.09	21.62	22.59	55	20	0	75	35.90	488.40	75	4.01	0	0	0	0	8	0	8	8	0	1
PV	2015	362	12.11.2015	0	2C	49.92833333	16	5	5	M1	60	1	64	5.14	4.87	4.59	8.71	4.09	4.67	24.02	23.52	55	5	0	60	38.15	564.95	60	4.01	0	0	0	6	0	0	6	6	0	0
PV	2015	402	13.11.2015	0	2C	49.92833333	16	5	6	M1	70	1	74	3.76	5.38	4.33	8.39	4.02	3.88	22.77	22.41	16	54	0	70	33.14	510.28	70	2.77	0	0	0	3	6	0	9	9	0	0
PV	2015	403	13.11.2015	0	2C	49.92833333	16	5	7	M4	22	1	44	5.73	5.64	5.33	8.88	4.03	3.90	23.33	23.44	17	5	0	22	35.21	546.86	22	2.83	0	0	0	NA	NA	NA	NA	NA	NA	NA
